	Bigfoot_motif	Pollard_motif	Down_motif	Bergman_motif	SeSiMCMC_motif	Papatsenko_motif	Noyes_motif
Bigfoot_motif	1.0	0.525968137573337	0.287246540993219	0.12103429704617	0.455542939744549	0.240916829762769	0.277153338546339
Pollard_motif	0.525968137573337	1.0	0.233313011432127	0.0607181662942825	0.343049814507934	0.250297312938328	0.203052158154254
Down_motif	0.287246540993219	0.233313011432127	1.0	0.109431011980398	0.348566885988468	0.224851172871501	0.204131886011318
Bergman_motif	0.12103429704617	0.0607181662942825	0.109431011980398	1.0	0.118637947720916	0.255522311505549	0.114799766032508
SeSiMCMC_motif	0.455542939744549	0.343049814507934	0.348566885988468	0.118637947720916	1.0	0.256409273101411	0.303980799186124
Papatsenko_motif	0.240916829762769	0.250297312938328	0.224851172871501	0.255522311505549	0.256409273101411	1.0	0.238528203621025
Noyes_motif	0.277153338546339	0.203052158154254	0.204131886011318	0.114799766032508	0.303980799186124	0.238528203621025	1.0
