	Bigfoot_motif	Pollard_motif	Down_motif	SeSiMCMC_motif	Papatsenko_motif	Noyes_motif
Bigfoot_motif	1.0	0.199951696154201	0.0519580120126293	0.772130506702908	0.0587980374788397	0.243448752909619
Pollard_motif	0.199951696154201	1.0	0.0227146127919691	0.173173453479171	0.0397946771568808	0.146894570344632
Down_motif	0.0519580120126293	0.0227146127919691	1.0	0.0486557228493456	0.119944443258586	0.0324720578073475
SeSiMCMC_motif	0.772130506702908	0.173173453479171	0.0486557228493456	1.0	0.0517269442581808	0.234085252543633
Papatsenko_motif	0.0587980374788397	0.0397946771568808	0.119944443258586	0.0517269442581808	1.0	0.0392021789606777
Noyes_motif	0.243448752909619	0.146894570344632	0.0324720578073475	0.234085252543633	0.0392021789606777	1.0
