	Bigfoot_motif	Pollard_motif	Down_motif	SeSiMCMC_motif	Noyes_motif	Noyes_hd_motif
Bigfoot_motif	1.0	0.242038667188935	0.291667821670244	0.218536854385486	0.22551155025163	0.24458175291686
Pollard_motif	0.242038667188935	1.0	0.297043760471294	0.269315495042633	0.315704789537475	0.296695228939537
Down_motif	0.291667821670244	0.297043760471294	1.0	0.380073382816977	0.20651831788835	0.236653965451937
SeSiMCMC_motif	0.218536854385486	0.269315495042633	0.380073382816977	1.0	0.229406412902087	0.248285075124113
Noyes_motif	0.22551155025163	0.315704789537475	0.20651831788835	0.229406412902087	1.0	0.768900666347086
Noyes_hd_motif	0.24458175291686	0.296695228939537	0.236653965451937	0.248285075124113	0.768900666347086	1.0
