	Bigfoot_motif	Pollard_motif	Down_motif	Bergman_motif	SeSiMCMC_motif	Papatsenko_motif	Noyes_motif
Bigfoot_motif	1.0	0.538634309037298	0.671451967136661	0.321036764490061	0.793542898902599	0.456597426831183	0.438646380054568
Pollard_motif	0.538634309037298	1.0	0.44839316915904	0.390233744735497	0.561585161689799	0.479235484622193	0.458705415417427
Down_motif	0.671451967136661	0.44839316915904	1.0	0.283450205909319	0.610857201346322	0.418597868127878	0.448782118335172
Bergman_motif	0.321036764490061	0.390233744735497	0.283450205909319	1.0	0.333344375832391	0.26300739420114	0.244519075413182
SeSiMCMC_motif	0.793542898902599	0.561585161689799	0.610857201346322	0.333344375832391	1.0	0.455861533876241	0.444497908776428
Papatsenko_motif	0.456597426831183	0.479235484622193	0.418597868127878	0.26300739420114	0.455861533876241	1.0	0.379136046415952
Noyes_motif	0.438646380054568	0.458705415417427	0.448782118335172	0.244519075413182	0.444497908776428	0.379136046415952	1.0
