	Bigfoot_motif	Pollard_motif	Down_motif	Bergman_motif	SeSiMCMC_motif	Papatsenko_motif
Bigfoot_motif	1.0	0.543927020088493	0.413850602425383	0.410826148925365	0.336678008004952	0.521870898215001
Pollard_motif	0.543927020088493	1.0	0.658205088687149	0.434583761525379	0.482968708253653	0.86754674768528
Down_motif	0.413850602425383	0.658205088687149	1.0	0.327873113126957	0.372364849413162	0.636674657037955
Bergman_motif	0.410826148925365	0.434583761525379	0.327873113126957	1.0	0.306504789061556	0.420558170263124
SeSiMCMC_motif	0.336678008004952	0.482968708253653	0.372364849413162	0.306504789061556	1.0	0.485874287388989
Papatsenko_motif	0.521870898215001	0.86754674768528	0.636674657037955	0.420558170263124	0.485874287388989	1.0
