	Bigfoot_motif	Pollard_motif	Down_motif	Bergman_motif	SeSiMCMC_motif	Papatsenko_motif	Noyes_hd_motif
Bigfoot_motif	1.0	0.305174782412544	0.327217099254944	0.280113002837609	0.384837978428857	0.27552301182574	0.23770952108449
Pollard_motif	0.305174782412544	1.0	0.296465504134196	0.318990447360604	0.319523470277389	0.307954053486361	0.143078885070147
Down_motif	0.327217099254944	0.296465504134196	1.0	0.266371465138558	0.416112091419983	0.22261845373484	0.192568755249617
Bergman_motif	0.280113002837609	0.318990447360604	0.266371465138558	1.0	0.23394339113866	0.286878014447925	0.142913528687538
SeSiMCMC_motif	0.384837978428857	0.319523470277389	0.416112091419983	0.23394339113866	1.0	0.216790962774667	0.182962226561178
Papatsenko_motif	0.27552301182574	0.307954053486361	0.22261845373484	0.286878014447925	0.216790962774667	1.0	0.186463292280238
Noyes_hd_motif	0.23770952108449	0.143078885070147	0.192568755249617	0.142913528687538	0.182962226561178	0.186463292280238	1.0
