	Bigfoot_motif	Pollard_motif	Down_motif	Bergman_motif	SeSiMCMC_motif	Papatsenko_motif	Noyes_hd_motif
Bigfoot_motif	1.0	0.355494324609409	0.34839984211353	0.854397717307498	0.412399970179152	0.439146276983924	0.465985862647587
Pollard_motif	0.355494324609409	1.0	0.653915516155676	0.337052371606417	0.728132120274701	0.282916216058948	0.47288574779862
Down_motif	0.34839984211353	0.653915516155676	1.0	0.333505223957813	0.775195998706009	0.256976197383659	0.479987858586003
Bergman_motif	0.854397717307498	0.337052371606417	0.333505223957813	1.0	0.391395584083765	0.443391518598328	0.498797426465147
SeSiMCMC_motif	0.412399970179152	0.728132120274701	0.775195998706009	0.391395584083765	1.0	0.319080090691741	0.525312317981652
Papatsenko_motif	0.439146276983924	0.282916216058948	0.256976197383659	0.443391518598328	0.319080090691741	1.0	0.331730585294586
Noyes_hd_motif	0.465985862647587	0.47288574779862	0.479987858586003	0.498797426465147	0.525312317981652	0.331730585294586	1.0
