	Bigfoot_motif	Pollard_motif	Down_motif	SeSiMCMC_motif	Papatsenko_motif	Noyes_motif
Bigfoot_motif	1.0	0.0413594833782841	0.0278103888795003	0.272798581650179	0.0557713122339995	0.0309313006174402
Pollard_motif	0.0413594833782841	1.0	0.0404654283195085	0.131979449511828	0.0992826991361071	0.0498303134798443
Down_motif	0.0278103888795003	0.0404654283195085	1.0	0.0283502434359489	0.0377640660319043	0.0425906203972185
SeSiMCMC_motif	0.272798581650179	0.131979449511828	0.0283502434359489	1.0	0.0873929255953399	0.0290954269440377
Papatsenko_motif	0.0557713122339995	0.0992826991361071	0.0377640660319043	0.0873929255953399	1.0	0.0296362563449242
Noyes_motif	0.0309313006174402	0.0498303134798443	0.0425906203972185	0.0290954269440377	0.0296362563449242	1.0
