	Bigfoot_motif	Pollard_motif	Down_motif	Bergman_motif	SeSiMCMC_motif	Noyes_hd_motif
Bigfoot_motif	1.0	0.621110757367147	0.455252985833308	0.403139006569159	0.616266265885077	0.377926784384608
Pollard_motif	0.621110757367147	1.0	0.323299198945978	0.49528181309497	0.652899319676848	0.350255591159862
Down_motif	0.455252985833308	0.323299198945978	1.0	0.278585431740511	0.376446894642904	0.198986413764408
Bergman_motif	0.403139006569159	0.49528181309497	0.278585431740511	1.0	0.429188679501608	0.376918632908033
SeSiMCMC_motif	0.616266265885077	0.652899319676848	0.376446894642904	0.429188679501608	1.0	0.360531650283128
Noyes_hd_motif	0.377926784384608	0.350255591159862	0.198986413764408	0.376918632908033	0.360531650283128	1.0
