	Bigfoot_motif	Pollard_motif	Down_motif	Bergman_motif	SeSiMCMC_motif	Noyes_motif	Noyes_hd_motif
Bigfoot_motif	1.0	0.441162987681401	0.502603773832445	0.449415547594898	0.577924530715503	0.398057713402559	0.41413833361972
Pollard_motif	0.441162987681401	1.0	0.258334822312388	0.329016484124002	0.507565949521373	0.313775727425302	0.343780131922988
Down_motif	0.502603773832445	0.258334822312388	1.0	0.425425314635174	0.338828368858935	0.365982756269456	0.350138883956019
Bergman_motif	0.449415547594898	0.329016484124002	0.425425314635174	1.0	0.369183195053306	0.55533365599994	0.51489605135214
SeSiMCMC_motif	0.577924530715503	0.507565949521373	0.338828368858935	0.369183195053306	1.0	0.338472369295295	0.380287787101857
Noyes_motif	0.398057713402559	0.313775727425302	0.365982756269456	0.55533365599994	0.338472369295295	1.0	0.689654471566612
Noyes_hd_motif	0.41413833361972	0.343780131922988	0.350138883956019	0.51489605135214	0.380287787101857	0.689654471566612	1.0
