	Bigfoot_motif	Pollard_motif	Bergman_motif	SeSiMCMC_motif	Noyes_motif	Noyes_hd_motif
Bigfoot_motif	1.0	0.252420037835559	0.338048477329027	0.391577408059436	0.368120003165741	0.389839498172246
Pollard_motif	0.252420037835559	1.0	0.231987914299539	0.408498608162358	0.141938407617918	0.234689104363625
Bergman_motif	0.338048477329027	0.231987914299539	1.0	0.268197171414022	0.364306227919599	0.414428382429498
SeSiMCMC_motif	0.391577408059436	0.408498608162358	0.268197171414022	1.0	0.282582920456098	0.336155459119229
Noyes_motif	0.368120003165741	0.141938407617918	0.364306227919599	0.282582920456098	1.0	0.582957049577891
Noyes_hd_motif	0.389839498172246	0.234689104363625	0.414428382429498	0.336155459119229	0.582957049577891	1.0
