	Bigfoot_motif	Pollard_motif	Down_motif	Bergman_motif	SeSiMCMC_motif	Papatsenko_motif	Noyes_motif
Bigfoot_motif	1.0	0.391296496153931	0.3123978280475	0.265854899476536	0.956570107274885	0.374705533052456	0.315812503405033
Pollard_motif	0.391296496153931	1.0	0.45616113154136	0.338132661339738	0.397656644726388	0.441464672884724	0.43169552927725
Down_motif	0.3123978280475	0.45616113154136	1.0	0.296332967460342	0.310649016437918	0.393467988935008	0.32082033319365
Bergman_motif	0.265854899476536	0.338132661339738	0.296332967460342	1.0	0.268132970029738	0.357495826425217	0.360555488089667
SeSiMCMC_motif	0.956570107274885	0.397656644726388	0.310649016437918	0.268132970029738	1.0	0.383398441660873	0.320601091631679
Papatsenko_motif	0.374705533052456	0.441464672884724	0.393467988935008	0.357495826425217	0.383398441660873	1.0	0.443676187817139
Noyes_motif	0.315812503405033	0.43169552927725	0.32082033319365	0.360555488089667	0.320601091631679	0.443676187817139	1.0
