	Bigfoot_motif	Pollard_motif	Down_motif	SeSiMCMC_motif	Noyes_motif	Noyes_hd_motif
Bigfoot_motif	1.0	1.0	0.486523048385941	0.582371191923214	0.454180042263568	0.466566602898556
Pollard_motif	1.0	1.0	0.486523048385941	0.582371191923214	0.454180042263568	0.466566602898556
Down_motif	0.486523048385941	0.486523048385941	1.0	0.356381673185826	0.40919964607286	0.369264420569447
SeSiMCMC_motif	0.582371191923214	0.582371191923214	0.356381673185826	1.0	0.339056354778997	0.383180752148556
Noyes_motif	0.454180042263568	0.454180042263568	0.40919964607286	0.339056354778997	1.0	0.708217150389175
Noyes_hd_motif	0.466566602898556	0.466566602898556	0.369264420569447	0.383180752148556	0.708217150389175	1.0
